-10
68
50
91
8
1
15
67
58
27
92
94
62
22
4
31
54
19
41
51
9
73
40
74
19
30
41
35
54
-6
2
11
31
71
10
31
6
38
8
76
92
-3
76
70
39
-10
33
90
2
94
90
99
57
16
64
8
26
68
49
70
25
41
4
59
0
68
1
-3
93
34
7
50
33
10
28
35
47
22
6
19
32
10
2
-14
75
60
10
38
-14
16
88
60
52
13
3
-19
0
-7
30
63
58
85
86
97
-1
-9
78
30
4
10
85
-20
83
12
70
54
44
2
40
-16
80
-15
25
72
96
46
0
9
-11
1
61
79
89
5
18
-14
-10
-7
70
51
32
7
55
-11
82
13
52
86
86
48
32
13
20
30
62
-11
34
31
41
6
-12
51
56
69
7
35
-5
51
-10
69
98
48
62
59
41
56
27
57
36
70
68
85
63
-14
90
27
19
67
87
-1
15
1
22
94
3
91
-13
95
28
42
-13
97
62
70
76
22
16
72
100
-9
47
38
2
27
95
22
57
48
-13
-6
28
-3
23
48
95
16
-14
10
53
72
83
81
32
45
-4
5
-20
49
5
47
28
72
24
64
84
85
19
20
27
75
93
51
45
57
81
97
59
98
93
68
54
77
50
76
63
20
91
83
54
86
-14
10
31
98
65
-9
29
93
-7
6
46
54
3
37
21
89
59
52
63
24
66
69
69
-20
48
58
52
12
-1
96
-15
67
74
79
51
76
65
38
12
20
23
-1
31
67
55
99
-6
63
96
-11
-8
-16
86
61
58
31
6
52
85
38
42
1
-1
4
89
87
32
71
51
7
46
9
13
67
82
46
-10
-17
69
2
-13
92
44
100
31
70
43
71
92
59
86
68
31
-19
44
46
68
78
17
97
-16
11
40
68
-6
32
-8
55
32
81
28
-12
-12
28
47
-17
75
21
-13
92
82
6
39
62
-14
33
51
-5
65
-11
38
-14
10
71
38
44
45
21
83
-15
23
90
24
1
97
16
2
-2
57
21
41
57
71
4
46
25
-8
1
81
78
41
67
51
20
15
37
94
27
11
23
66
61
31
76
56
38
24
78
-12
84
43
85
-19
88
26
27
9
99
70
74
93
40
-18
47
70
10
41
2
-5
87
42
49
51
42
3
70
22
96
34
46
30
3
82
31
42
76
62
85
27
36
9
93
71
39
37
17
66
90
34
-4
42
7
16
1
0
15
36
20
23
8
90
-11
54
71
22
67
29
51
52
14
93
-6
52
87
74
17
-5
65
88
82
38
38
69
-2
39
59
-1
98
24
48
46
41
25
2
58
44
71
73
65
36
98
98
-12
9
71
11
70
21
74
-12
78
17
77
-16
59
63
47
64
58
12
55
18
-10
86
73
-17
80
48
72
-20
84
52
78
84
73
45
83
58
0
42
-17
69
15
89
20
87
48
24
81
20
14
33
6
24
74
77
74
96
42
71
-2
96
46
96
79
-20
31
65
23
88
69
68
76
25
37
48
84
90
-9
26
79
9
71
19
-5
44
14
45
8
-9
38
56
8
-13
90
98
92
92
0
-15
89
14
-18
15
82
19
39
-1
23
13
42
73
70
53
-8
-17
-1
26
2
92
30
47
-16
17
66
47
63
43
50
96
35
42
90
32
53
10
48
10
91
81
9
52
22
92
-4
31
80
80
12
98
11
86
19
-17
-8
-3
87
87
81
-6
3
39
7
100
-9
21
1
-2
63
67
51
22
-3
56
-15
-9
8
87
24
94
36
-9
60
38
28
-14
4
80
-10
49
12
-7
78
76
19
35
30
82
39
68
-11
88
58
51
73
48
-14
24
19
25
82
86
-20
27
-1
32
-14
80
13
37
43
87
76
84
88
3
74
93
-2
-3
54
54
41
15
39
14
-5
-14
0
65
-4
82
-9
83
81
98
-17
39
8
66
97
98
2
2
30
64
46
73
99
66
96
32
44
55
47
-9
5
70
9
-19
79
97
94
42
18
20
12
61
50
32
57
8
1
18
85
77
-3
-2
12
88
21
45
-14
49
51
-13
83
69
80
81
59
91
22
60
38
66
52
13
97
98
66
6
52
27
2
52
-7
48
31
-15
83
94
-7
-18
99
-11
25
-8
90
32
89
2
90
5
70
-5
100
-14
16
28
14
-13
59
89
87
66
17
3
97
68
99
21
16
28
3
23
77
90
56
45
-10
70
18
20
65
42
88
68
12
64
19
63
84
75
-3
54
88
49
81
56
25
12
27
31
1
6
37
16
98
-9
2
20
60
71
16
75
68
-2
5
82
48
25
3
83
33
10
18
6
44
67
72
41
13
65
-19
-13
98
34
36
18
57
68
76
50
52
22
23
-3
12
-11
2
66
32
45
41
-3
-9
-1
54
-7
62
12
-9
27
-13
51
85
60
-14
100
